image: cropped_map.pgm
mode: trinary
resolution: 0.05000000074505806
origin: [-5.949999939650297, -4.099999912083149, 0.0]
negate: 0
occupied_thresh: 0.65
free_thresh: 0.25
